2020	8	25	5	0
	250	104	250.000000	14.500000	1.005093e+05	1.111718e+01
	171	108	171.000000	18.500000	1.000189e+05	1.320600e+01
	310	129	310.000000	39.500000	1.010505e+05	9.957479e+00
	118	142	118.000000	52.500000	9.875577e+04	8.627724e+00
	171	164	171.000000	74.500000	1.001700e+05	1.351392e+01
2020	8	25	3	6
	171	108	171.000000	18.500000	9.976750e+04	1.426696e+01
	109	112	109.000000	22.500000	9.976698e+04	9.652014e+00
	173	164	173.000000	74.500000	1.002658e+05	1.329888e+01
2020	8	25	4	12
	354	22	354.000000	-67.500000	9.182448e+04	2.447200e+01
	23	93	23.000000	3.500000	1.008160e+05	2.343405e+00
	171	108	171.000000	18.500000	9.948487e+04	1.545256e+01
	177	164	177.000000	74.500000	1.003640e+05	1.283167e+01
2020	8	25	4	18
	359	22	359.000000	-67.500000	9.266534e+04	2.590150e+01
	293	61	293.000000	-28.500000	1.002314e+05	8.828814e+00
	171	108	171.000000	18.500000	9.906627e+04	1.625223e+01
	182	164	182.000000	74.500000	1.003188e+05	1.165175e+01
2020	8	26	4	0
	4	22	4.000000	-67.500000	9.358000e+04	2.623153e+01
	171	108	171.000000	18.500000	9.882316e+04	1.865744e+01
	236	109	236.000000	19.500000	1.004240e+05	1.081689e+01
	185	164	185.000000	74.500000	1.003974e+05	1.125677e+01
2020	8	26	3	6
	10	22	10.000000	-67.500000	9.455140e+04	2.441485e+01
	171	109	171.000000	19.500000	9.872284e+04	1.770968e+01
	109	113	109.000000	23.500000	9.981448e+04	3.466448e+00
2020	8	26	6	12
	14	21	14.000000	-68.500000	9.540344e+04	2.203759e+01
	30	96	30.000000	6.500000	1.005783e+05	2.944164e+00
	246	107	246.000000	17.500000	1.004892e+05	1.129943e+01
	171	109	171.000000	19.500000	9.881737e+04	2.026439e+01
	89	121	89.000000	31.500000	1.004543e+05	3.130735e+00
	193	163	193.000000	73.500000	1.005752e+05	9.696876e+00
2020	8	26	4	18
	18	21	18.000000	-68.500000	9.568613e+04	1.840017e+01
	245	107	245.000000	17.500000	1.006070e+05	1.211150e+01
	171	110	171.000000	20.500000	9.857697e+04	2.065811e+01
	198	163	198.000000	73.500000	1.007484e+05	9.583698e+00
2020	8	27	6	0
	18	21	18.000000	-68.500000	9.588028e+04	1.899012e+01
	159	21	159.000000	-68.500000	9.767965e+04	1.669318e+01
	165	30	165.000000	-59.500000	9.709395e+04	1.788522e+01
	244	107	244.000000	17.500000	1.004129e+05	1.217213e+01
	170	110	170.000000	20.500000	9.898852e+04	1.971449e+01
	121	121	121.000000	31.500000	1.003492e+05	9.971646e+00
2020	8	27	4	6
	17	21	17.000000	-68.500000	9.599773e+04	1.932990e+01
	160	21	160.000000	-68.500000	9.789067e+04	1.444909e+01
	243	108	243.000000	18.500000	1.005623e+05	1.202583e+01
	170	111	170.000000	21.500000	9.890376e+04	1.755825e+01
2020	8	27	5	12
	15	21	15.000000	-68.500000	9.615682e+04	1.955606e+01
	164	21	164.000000	-68.500000	9.826887e+04	1.392321e+01
	242	108	242.000000	18.500000	1.002574e+05	1.363045e+01
	170	111	170.000000	21.500000	9.897568e+04	1.909505e+01
	266	149	266.000000	59.500000	9.879194e+04	1.643977e+01
2020	8	27	4	18
	14	21	14.000000	-68.500000	9.629873e+04	1.704187e+01
	168	22	168.000000	-67.500000	9.849634e+04	1.476344e+01
	241	108	241.000000	18.500000	1.003768e+05	1.217061e+01
	288	123	288.000000	33.500000	1.010846e+05	6.890310e+00
2020	8	28	5	0
	13	22	13.000000	-67.500000	9.665405e+04	1.502710e+01
	117	25	117.000000	-64.500000	9.339912e+04	1.738553e+01
	241	108	241.000000	18.500000	1.000313e+05	1.303512e+01
	170	111	170.000000	21.500000	9.913959e+04	1.655957e+01
	266	154	266.000000	64.500000	9.765531e+04	1.546752e+01
2020	8	28	4	6
	16	23	16.000000	-66.500000	9.684874e+04	1.596556e+01
	240	107	240.000000	17.500000	1.002510e+05	1.245019e+01
	170	111	170.000000	21.500000	9.910830e+04	1.649311e+01
	269	153	269.000000	63.500000	9.756185e+04	1.728598e+01
2020	8	28	6	12
	25	23	25.000000	-66.500000	9.682419e+04	1.141221e+01
	313	26	313.000000	-63.500000	9.637823e+04	2.263308e+01
	240	107	240.000000	17.500000	9.992684e+04	1.245350e+01
	170	112	170.000000	22.500000	9.937224e+04	1.631575e+01
	288	124	288.000000	34.500000	1.011590e+05	6.834513e+00
	273	154	273.000000	64.500000	9.767538e+04	1.316382e+01
2020	8	28	5	18
	240	108	240.000000	18.500000	9.997591e+04	1.434030e+01
	109	111	109.000000	21.500000	1.002110e+05	8.669503e+00
	170	112	170.000000	22.500000	9.907271e+04	1.687957e+01
	287	125	287.000000	35.500000	1.011342e+05	8.385642e+00
	276	155	276.000000	65.500000	9.773551e+04	1.219334e+01
2020	8	29	6	0
	74	29	74.000000	-60.500000	9.285745e+04	2.195619e+01
	355	36	355.000000	-53.500000	9.743061e+04	1.453522e+01
	239	108	239.000000	18.500000	9.946632e+04	1.570689e+01
	169	112	169.000000	22.500000	9.902293e+04	1.642945e+01
	286	124	286.000000	34.500000	1.010738e+05	8.848491e+00
	279	155	279.000000	65.500000	9.804782e+04	1.130054e+01
2020	8	29	6	6
	229	105	229.000000	15.500000	1.006156e+05	1.033249e+01
	124	107	124.000000	17.500000	1.003326e+05	7.336354e+00
	239	108	239.000000	18.500000	9.948602e+04	1.591472e+01
	169	112	169.000000	22.500000	9.854630e+04	1.791679e+01
	286	125	286.000000	35.500000	1.011314e+05	8.869760e+00
	281	156	281.000000	66.500000	9.823318e+04	1.247696e+01
2020	8	29	6	12
	30	20	30.000000	-69.500000	9.700361e+04	1.417387e+01
	252	41	252.000000	-48.500000	9.917787e+04	1.273376e+01
	252	104	252.000000	14.500000	1.003427e+05	1.210427e+01
	239	108	239.000000	18.500000	9.914320e+04	1.748674e+01
	169	112	169.000000	22.500000	9.839466e+04	1.780395e+01
	286	125	286.000000	35.500000	1.011901e+05	7.915539e+00
2020	8	29	5	18
	29	20	29.000000	-69.500000	9.712256e+04	1.512091e+01
	138	50	138.000000	-39.500000	9.795904e+04	2.020528e+01
	251	104	251.000000	14.500000	1.005310e+05	1.061635e+01
	239	108	239.000000	18.500000	9.947991e+04	1.707460e+01
	169	112	169.000000	22.500000	9.807782e+04	1.876296e+01
2020	8	30	6	0
	320	32	320.000000	-57.500000	9.563305e+04	1.954198e+01
	190	48	190.000000	-41.500000	9.748862e+04	2.007544e+01
	139	51	139.000000	-38.500000	9.848036e+04	1.849118e+01
	251	104	251.000000	14.500000	1.002027e+05	1.217373e+01
	239	109	239.000000	19.500000	9.909041e+04	1.548769e+01
	168	112	168.000000	22.500000	9.831652e+04	2.080211e+01
2020	8	30	6	6
	335	23	335.000000	-66.500000	9.669095e+04	1.641263e+01
	320	35	320.000000	-54.500000	9.602220e+04	2.115404e+01
	191	48	191.000000	-41.500000	9.740330e+04	2.074737e+01
	239	109	239.000000	19.500000	9.942389e+04	1.574496e+01
	110	111	110.000000	21.500000	9.983938e+04	9.171697e+00
	168	112	168.000000	22.500000	9.808062e+04	2.131681e+01
2020	8	30	7	12
	335	24	335.000000	-65.500000	9.694921e+04	1.560336e+01
	90	26	90.000000	-63.500000	9.453329e+04	1.814350e+01
	322	37	322.000000	-52.500000	9.640570e+04	2.176046e+01
	359	38	359.000000	-51.500000	9.484510e+04	1.664755e+01
	251	104	251.000000	14.500000	1.002042e+05	1.228946e+01
	240	109	240.000000	19.500000	9.928655e+04	1.580463e+01
	167	113	167.000000	23.500000	9.833245e+04	2.306753e+01
2020	8	30	4	18
	250	105	250.000000	15.500000	1.002169e+05	1.344433e+01
	239	110	239.000000	20.500000	9.926551e+04	1.674426e+01
	125	111	125.000000	21.500000	1.000170e+05	8.754066e+00
	167	113	167.000000	23.500000	9.746441e+04	2.415110e+01
2020	8	31	5	0
	261	36	261.000000	-53.500000	9.690055e+04	1.578752e+01
	249	106	249.000000	16.500000	9.998142e+04	1.305490e+01
	239	110	239.000000	20.500000	9.922543e+04	1.524261e+01
	125	111	125.000000	21.500000	1.000118e+05	9.508644e+00
	166	113	166.000000	23.500000	9.712420e+04	2.076775e+01
2020	8	31	6	6
	264	35	264.000000	-54.500000	9.687029e+04	1.433962e+01
	217	105	217.000000	15.500000	1.006136e+05	9.806914e+00
	249	106	249.000000	16.500000	1.000694e+05	1.397643e+01
	239	110	239.000000	20.500000	9.959949e+04	1.432308e+01
	126	112	126.000000	22.500000	9.989620e+04	1.062594e+01
	166	113	166.000000	23.500000	9.767243e+04	2.124831e+01
2020	8	31	5	12
	131	24	131.000000	-65.500000	9.629652e+04	1.926982e+01
	248	106	248.000000	16.500000	9.990920e+04	1.444581e+01
	238	110	238.000000	20.500000	9.952909e+04	1.467149e+01
	127	112	127.000000	22.500000	9.998478e+04	1.110060e+01
	165	113	165.000000	23.500000	9.755868e+04	2.451102e+01
2020	8	31	5	18
	132	25	132.000000	-64.500000	9.645183e+04	1.684191e+01
	248	107	248.000000	17.500000	1.000196e+05	1.440675e+01
	237	110	237.000000	20.500000	9.972270e+04	1.501761e+01
	164	114	164.000000	24.500000	9.835873e+04	2.332173e+01
	333	165	333.000000	75.500000	1.003839e+05	6.015786e+00
2020	9	1	7	0
	135	25	135.000000	-64.500000	9.666833e+04	1.598120e+01
	209	38	209.000000	-51.500000	9.696668e+04	2.088718e+01
	200	51	200.000000	-38.500000	9.819505e+04	1.711236e+01
	247	107	247.000000	17.500000	9.961530e+04	1.514223e+01
	237	110	237.000000	20.500000	9.952342e+04	1.558099e+01
	128	114	128.000000	24.500000	9.988763e+04	1.105978e+01
	164	114	164.000000	24.500000	9.753540e+04	2.349943e+01
2020	9	1	6	6
	140	26	140.000000	-63.500000	9.640920e+04	1.843745e+01
	203	51	203.000000	-38.500000	9.837094e+04	1.793818e+01
	246	108	246.000000	18.500000	9.982463e+04	1.473732e+01
	236	110	236.000000	20.500000	9.983341e+04	1.459613e+01
	163	114	163.000000	24.500000	9.697473e+04	2.475155e+01
	129	115	129.000000	25.500000	9.965699e+04	1.212387e+01
2020	9	1	7	12
	146	26	146.000000	-63.500000	9.638358e+04	1.701374e+01
	175	29	175.000000	-60.500000	9.635302e+04	2.513795e+01
	31	66	31.000000	-23.500000	1.012212e+05	6.736761e+00
	245	108	245.000000	18.500000	9.940779e+04	1.542001e+01
	235	110	235.000000	20.500000	9.976450e+04	1.439254e+01
	162	114	162.000000	24.500000	9.828509e+04	2.541306e+01
	130	116	130.000000	26.500000	9.982783e+04	1.474088e+01
2020	9	1	4	18
	10	30	10.000000	-59.500000	9.428557e+04	1.850466e+01
	234	109	234.000000	19.500000	9.986134e+04	1.514126e+01
	244	109	244.000000	19.500000	9.997080e+04	1.708869e+01
	162	115	162.000000	25.500000	9.783601e+04	2.315476e+01
2020	9	2	4	0
	12	31	12.000000	-58.500000	9.482188e+04	1.673994e+01
	278	45	278.000000	-44.500000	9.751695e+04	2.025142e+01
	243	109	243.000000	19.500000	9.968006e+04	1.485585e+01
	161	115	161.000000	25.500000	9.779473e+04	2.517430e+01
2020	9	2	2	6
	242	109	242.000000	19.500000	9.978378e+04	1.599410e+01
	160	116	160.000000	26.500000	9.763443e+04	2.527645e+01
2020	9	2	7	12
	163	23	163.000000	-66.500000	9.730894e+04	9.610966e+00
	39	30	39.000000	-59.500000	9.383544e+04	2.458442e+01
	283	41	283.000000	-48.500000	9.694138e+04	2.144831e+01
	283	99	283.000000	9.500000	1.007636e+05	1.400302e+01
	241	109	241.000000	19.500000	9.951959e+04	1.583955e+01
	159	116	159.000000	26.500000	9.784467e+04	2.771022e+01
	133	122	133.000000	32.500000	9.917417e+04	1.533729e+01
2020	9	2	5	18
	42	28	42.000000	-61.500000	9.365418e+04	2.229924e+01
	240	109	240.000000	19.500000	9.975283e+04	1.456282e+01
	118	110	118.000000	20.500000	1.000788e+05	1.011647e+01
	158	117	158.000000	27.500000	9.777570e+04	2.379733e+01
	135	126	135.000000	36.500000	9.894966e+04	1.462831e+01
2020	9	3	7	0
	43	26	43.000000	-63.500000	9.351427e+04	1.994980e+01
	217	34	217.000000	-55.500000	9.760729e+04	1.491018e+01
	231	107	231.000000	17.500000	9.991238e+04	1.266379e+01
	240	110	240.000000	20.500000	9.977915e+04	1.367060e+01
	156	117	156.000000	27.500000	9.792443e+04	2.826327e+01
	329	154	329.000000	64.500000	9.680662e+04	1.848500e+01
	190	176	190.000000	86.500000	1.000962e+05	1.202620e+01
2020	9	3	6	6
	42	24	42.000000	-65.500000	9.355812e+04	2.773889e+01
	231	107	231.000000	17.500000	1.002279e+05	1.382197e+01
	239	110	239.000000	20.500000	9.986249e+04	1.370686e+01
	155	118	155.000000	28.500000	9.707003e+04	2.501676e+01
	327	154	327.000000	64.500000	9.678855e+04	1.876650e+01
	190	174	190.000000	84.500000	1.000719e+05	9.183686e+00
2020	9	3	5	12
	39	23	39.000000	-66.500000	9.385548e+04	2.583957e+01
	221	35	221.000000	-54.500000	9.793880e+04	1.273428e+01
	239	110	239.000000	20.500000	9.982808e+04	1.355629e+01
	154	118	154.000000	28.500000	9.772344e+04	2.631831e+01
	133	131	133.000000	41.500000	9.907124e+04	1.596094e+01
2020	9	3	7	18
	223	35	223.000000	-54.500000	9.824507e+04	1.016807e+01
	231	107	231.000000	17.500000	1.001970e+05	1.413635e+01
	119	109	119.000000	19.500000	9.997087e+04	1.279082e+01
	238	111	238.000000	21.500000	9.990788e+04	1.463943e+01
	153	119	153.000000	29.500000	9.713202e+04	2.573999e+01
	133	132	133.000000	42.500000	9.953073e+04	1.371528e+01
	323	154	323.000000	64.500000	9.740730e+04	1.807569e+01
2020	9	4	5	0
	225	36	225.000000	-53.500000	9.842406e+04	1.204118e+01
	232	107	232.000000	17.500000	1.001244e+05	1.461537e+01
	236	112	236.000000	22.500000	9.983908e+04	1.462422e+01
	152	120	152.000000	30.500000	9.823834e+04	2.508991e+01
	323	153	323.000000	63.500000	9.783799e+04	1.657047e+01
2020	9	4	6	6
	198	9	198.000000	-80.500000	9.550851e+04	2.175233e+01
	121	110	121.000000	20.500000	1.000248e+05	1.077496e+01
	235	112	235.000000	22.500000	9.997939e+04	1.455360e+01
	150	120	150.000000	30.500000	9.778250e+04	2.638545e+01
	322	153	322.000000	63.500000	9.821124e+04	1.684635e+01
	244	170	244.000000	80.500000	9.929848e+04	1.039970e+01
2020	9	4	5	12
	206	7	206.000000	-82.500000	9.609080e+04	1.921292e+01
	237	26	237.000000	-63.500000	9.797411e+04	1.310200e+01
	234	112	234.000000	22.500000	9.991154e+04	1.674864e+01
	149	121	149.000000	31.500000	9.781130e+04	2.303248e+01
	253	169	253.000000	79.500000	9.921091e+04	1.125742e+01
2020	9	4	6	18
	216	6	216.000000	-83.500000	9.669298e+04	1.794678e+01
	238	26	238.000000	-63.500000	9.818595e+04	1.310020e+01
	233	113	233.000000	23.500000	9.977248e+04	1.491259e+01
	149	121	149.000000	31.500000	9.823508e+04	2.250521e+01
	312	130	312.000000	40.500000	1.014931e+05	1.366564e+01
	260	169	260.000000	79.500000	9.920241e+04	1.031218e+01
2020	9	5	6	0
	292	57	292.000000	-32.500000	1.010576e+05	6.817557e+00
	232	113	232.000000	23.500000	9.951853e+04	1.487969e+01
	148	122	148.000000	32.500000	9.807708e+04	2.246992e+01
	313	130	313.000000	40.500000	1.016403e+05	1.350825e+01
	298	132	298.000000	42.500000	1.006623e+05	1.629214e+01
	262	168	262.000000	78.500000	9.938438e+04	1.078798e+01
2020	9	5	2	6
	231	113	231.000000	23.500000	1.000526e+05	1.384328e+01
	148	123	148.000000	33.500000	9.815895e+04	2.302042e+01
2020	9	5	3	12
	124	113	124.000000	23.500000	9.992824e+04	1.041079e+01
	148	123	148.000000	33.500000	9.871121e+04	2.305989e+01
	346	154	346.000000	64.500000	9.718961e+04	2.142796e+01
2020	9	5	4	18
	192	57	192.000000	-32.500000	9.892525e+04	1.743334e+01
	246	101	246.000000	11.500000	1.007897e+05	1.368274e+01
	230	112	230.000000	22.500000	9.997518e+04	1.409981e+01
	148	124	148.000000	34.500000	9.852690e+04	2.191436e+01
2020	9	6	5	0
	95	111	95.000000	21.500000	1.003690e+05	2.907364e+00
	229	112	229.000000	22.500000	1.000041e+05	1.359761e+01
	124	114	124.000000	24.500000	9.976023e+04	1.484281e+01
	148	125	148.000000	35.500000	9.825573e+04	2.296746e+01
	356	158	356.000000	68.500000	9.712716e+04	1.861728e+01
2020	9	6	5	6
	203	34	203.000000	-55.500000	9.968641e+04	1.917673e+01
	286	99	286.000000	9.500000	1.006449e+05	7.217415e+00
	229	112	229.000000	22.500000	1.001479e+05	1.263625e+01
	125	114	125.000000	24.500000	9.957392e+04	1.405573e+01
	148	126	148.000000	36.500000	9.810367e+04	2.185491e+01
2020	9	6	4	12
	204	34	204.000000	-55.500000	9.979777e+04	1.914500e+01
	126	114	126.000000	24.500000	9.963938e+04	1.244793e+01
	148	126	148.000000	36.500000	9.861737e+04	1.925994e+01
	285	128	285.000000	38.500000	1.007832e+05	1.096733e+01
2020	9	6	4	18
	207	33	207.000000	-56.500000	9.977620e+04	1.677451e+01
	126	115	126.000000	25.500000	9.956753e+04	1.362626e+01
	149	127	149.000000	37.500000	9.862920e+04	2.000365e+01
	286	129	286.000000	39.500000	1.008995e+05	1.065394e+01
2020	9	7	2	0
	187	39	187.000000	-50.500000	1.000803e+05	1.495021e+01
	150	127	150.000000	37.500000	9.913096e+04	1.985518e+01
2020	9	7	6	6
	106	18	106.000000	-71.500000	9.582108e+04	1.664841e+01
	189	40	189.000000	-49.500000	1.000462e+05	1.561555e+01
	148	104	148.000000	14.500000	1.000629e+05	1.076260e+01
	202	105	202.000000	15.500000	1.005056e+05	1.030927e+01
	128	115	128.000000	25.500000	9.941131e+04	1.305609e+01
	150	128	150.000000	38.500000	9.923764e+04	1.799621e+01
2020	9	7	5	12
	32	54	32.000000	-35.500000	1.004525e+05	1.628548e+01
	148	104	148.000000	14.500000	1.001975e+05	1.044215e+01
	240	104	240.000000	14.500000	1.003161e+05	1.268838e+01
	118	107	118.000000	17.500000	1.001688e+05	9.665924e+00
	128	116	128.000000	26.500000	9.955205e+04	1.466519e+01
2020	9	7	3	18
	193	41	193.000000	-48.500000	9.986579e+04	1.424521e+01
	33	97	33.000000	7.500000	1.006157e+05	3.872631e+00
	240	104	240.000000	14.500000	1.005264e+05	1.300716e+01
2020	9	8	2	0
	149	105	149.000000	15.500000	1.000671e+05	1.234072e+01
	127	116	127.000000	26.500000	9.955284e+04	1.525762e+01
2020	9	8	2	6
	150	105	150.000000	15.500000	9.973503e+04	1.380696e+01
	127	115	127.000000	25.500000	9.949447e+04	1.337287e+01
2020	9	8	6	12
	323	23	323.000000	-66.500000	9.345051e+04	2.123828e+01
	150	106	150.000000	16.500000	9.981838e+04	1.447860e+01
	237	106	237.000000	16.500000	1.003090e+05	1.371857e+01
	199	107	199.000000	17.500000	1.004478e+05	9.125112e+00
	222	113	222.000000	23.500000	1.002815e+05	1.291316e+01
	127	115	127.000000	25.500000	9.964134e+04	1.375295e+01
2020	9	8	6	18
	328	23	328.000000	-66.500000	9.358227e+04	2.000064e+01
	127	25	127.000000	-64.500000	9.445759e+04	2.211610e+01
	236	106	236.000000	16.500000	1.005584e+05	1.292608e+01
	124	107	124.000000	17.500000	9.994652e+04	1.089736e+01
	150	107	150.000000	17.500000	9.945164e+04	1.399503e+01
	126	115	126.000000	25.500000	9.963270e+04	1.463730e+01
2020	9	9	4	0
	330	23	330.000000	-66.500000	9.385716e+04	1.491418e+01
	126	24	126.000000	-65.500000	9.515495e+04	2.099018e+01
	235	106	235.000000	16.500000	1.004342e+05	1.410826e+01
	150	108	150.000000	18.500000	9.951298e+04	1.350742e+01
2020	9	9	3	6
	331	24	331.000000	-65.500000	9.414172e+04	1.416634e+01
	234	106	234.000000	16.500000	1.006656e+05	1.201382e+01
	150	109	150.000000	19.500000	9.938562e+04	1.386006e+01
2020	9	9	4	12
	288	16	288.000000	-73.500000	9.644692e+04	1.896260e+01
	334	25	334.000000	-64.500000	9.453317e+04	1.578608e+01
	149	109	149.000000	19.500000	9.928936e+04	1.459335e+01
	320	153	320.000000	63.500000	9.909139e+04	1.878767e+01
2020	9	9	4	18
	338	22	338.000000	-67.500000	9.478896e+04	1.245493e+01
	55	23	55.000000	-66.500000	9.654710e+04	8.719535e+00
	233	107	233.000000	17.500000	1.006583e+05	1.253044e+01
	149	109	149.000000	19.500000	9.904635e+04	1.390884e+01
2020	9	10	4	0
	149	110	149.000000	20.500000	9.902948e+04	1.703846e+01
	263	130	263.000000	40.500000	1.010939e+05	5.695136e+00
	12	131	12.000000	41.500000	1.005906e+05	1.064440e+01
	325	153	325.000000	63.500000	9.890874e+04	1.467426e+01
2020	9	10	3	6
	190	22	190.000000	-67.500000	9.779995e+04	1.713770e+01
	343	100	343.000000	10.500000	1.010720e+05	6.437708e+00
	148	110	148.000000	20.500000	9.861934e+04	1.852971e+01
2020	9	10	4	12
	196	24	196.000000	-65.500000	9.775922e+04	1.857548e+01
	124	29	124.000000	-60.500000	9.629899e+04	1.462842e+01
	148	111	148.000000	21.500000	9.877568e+04	1.778170e+01
	330	153	330.000000	63.500000	9.856287e+04	1.471485e+01
2020	9	10	4	18
	168	18	168.000000	-71.500000	9.827426e+04	1.292631e+01
	124	27	124.000000	-62.500000	9.661509e+04	1.316349e+01
	177	108	177.000000	18.500000	1.001272e+05	1.158739e+01
	147	111	147.000000	21.500000	9.842998e+04	1.895167e+01
2020	9	11	3	0
	227	108	227.000000	18.500000	1.005391e+05	1.202506e+01
	146	112	146.000000	22.500000	9.862500e+04	1.962495e+01
	201	145	201.000000	55.500000	9.775459e+04	2.188660e+01
2020	9	11	3	6
	135	104	135.000000	14.500000	9.987822e+04	1.374652e+01
	145	112	145.000000	22.500000	9.831816e+04	1.907158e+01
	203	146	203.000000	56.500000	9.798245e+04	1.459796e+01
2020	9	11	4	12
	31	26	31.000000	-63.500000	9.279080e+04	2.276017e+01
	175	109	175.000000	19.500000	1.003718e+05	9.841082e+00
	144	112	144.000000	22.500000	9.864801e+04	1.927791e+01
	207	146	207.000000	56.500000	9.810899e+04	1.841227e+01
2020	9	11	4	18
	31	25	31.000000	-64.500000	9.284781e+04	2.094959e+01
	142	27	142.000000	-62.500000	9.647559e+04	1.846766e+01
	175	110	175.000000	20.500000	1.002478e+05	1.065531e+01
	143	112	143.000000	22.500000	9.874095e+04	1.873752e+01
2020	9	12	5	0
	30	25	30.000000	-64.500000	9.315883e+04	1.938093e+01
	143	27	143.000000	-62.500000	9.660970e+04	1.695850e+01
	100	29	100.000000	-60.500000	9.381799e+04	1.653194e+01
	260	99	260.000000	9.500000	1.005381e+05	1.012568e+01
	142	113	142.000000	23.500000	9.877464e+04	1.900123e+01
2020	9	12	6	6
	29	25	29.000000	-64.500000	9.345145e+04	2.038277e+01
	145	27	145.000000	-62.500000	9.688857e+04	1.845491e+01
	99	28	99.000000	-61.500000	9.380248e+04	1.702503e+01
	164	104	164.000000	14.500000	1.000422e+05	9.186431e+00
	175	111	175.000000	21.500000	1.002593e+05	1.079277e+01
	305	122	305.000000	32.500000	1.013590e+05	8.307684e+00
2020	9	12	4	12
	28	26	28.000000	-63.500000	9.403257e+04	1.796180e+01
	99	28	99.000000	-61.500000	9.406205e+04	1.821809e+01
	175	112	175.000000	22.500000	1.002011e+05	1.180819e+01
	139	113	139.000000	23.500000	9.918888e+04	1.615514e+01
2020	9	12	3	18
	48	26	48.000000	-63.500000	9.500255e+04	2.168212e+01
	30	28	30.000000	-61.500000	9.486780e+04	2.031023e+01
	175	113	175.000000	23.500000	1.000727e+05	1.158290e+01
2020	9	13	3	0
	45	26	45.000000	-63.500000	9.520742e+04	1.835129e+01
	175	113	175.000000	23.500000	9.998675e+04	1.366375e+01
	137	114	137.000000	24.500000	9.924658e+04	1.600005e+01
2020	9	13	6	6
	225	30	225.000000	-59.500000	9.578652e+04	2.087103e+01
	163	106	163.000000	16.500000	9.998582e+04	1.066214e+01
	119	108	119.000000	18.500000	1.001715e+05	9.597013e+00
	175	114	175.000000	24.500000	9.999491e+04	1.351571e+01
	136	115	136.000000	25.500000	9.910744e+04	1.786528e+01
	313	120	313.000000	30.500000	1.010647e+05	1.129159e+01
2020	9	13	4	12
	91	25	91.000000	-64.500000	9.497317e+04	2.132738e+01
	229	32	229.000000	-57.500000	9.613325e+04	2.012761e+01
	162	106	162.000000	16.500000	1.001780e+05	1.133503e+01
	175	114	175.000000	24.500000	1.000577e+05	1.316046e+01
2020	9	13	5	18
	232	33	232.000000	-56.500000	9.642090e+04	2.001861e+01
	292	94	292.000000	4.500000	1.006679e+05	2.007041e+00
	162	106	162.000000	16.500000	9.989574e+04	1.249076e+01
	143	109	143.000000	19.500000	9.977660e+04	9.991560e+00
	176	114	176.000000	24.500000	9.993257e+04	1.350149e+01
2020	9	14	5	0
	237	21	237.000000	-68.500000	9.644142e+04	1.264574e+01
	184	30	184.000000	-59.500000	9.644768e+04	1.816396e+01
	236	34	236.000000	-55.500000	9.659242e+04	1.937772e+01
	162	107	162.000000	17.500000	9.993475e+04	1.221610e+01
	176	115	176.000000	25.500000	9.978868e+04	1.529407e+01
2020	9	14	3	6
	162	108	162.000000	18.500000	9.985582e+04	1.405250e+01
	141	110	141.000000	20.500000	9.962338e+04	1.205133e+01
	176	115	176.000000	25.500000	9.962014e+04	1.661944e+01
2020	9	14	6	12
	183	39	183.000000	-50.500000	9.800876e+04	1.780530e+01
	162	109	162.000000	19.500000	9.996047e+04	1.437524e+01
	176	115	176.000000	25.500000	9.981266e+04	1.428787e+01
	132	116	132.000000	26.500000	9.958312e+04	1.102848e+01
	316	117	316.000000	27.500000	1.010076e+05	1.112458e+01
	304	155	304.000000	65.500000	9.776223e+04	1.961406e+01
2020	9	14	2	18
	163	110	163.000000	20.500000	9.962563e+04	1.546013e+01
	176	115	176.000000	25.500000	9.965534e+04	1.532367e+01
2020	9	15	9	0
	4	32	4.000000	-57.500000	9.503720e+04	1.811439e+01
	263	34	263.000000	-55.500000	9.442307e+04	2.248377e+01
	189	36	189.000000	-53.500000	9.810705e+04	1.898616e+01
	186	109	186.000000	19.500000	1.003826e+05	1.215580e+01
	163	111	163.000000	21.500000	9.957394e+04	1.597451e+01
	138	112	138.000000	22.500000	9.982302e+04	1.274783e+01
	176	114	176.000000	24.500000	9.981409e+04	1.569793e+01
	326	129	326.000000	39.500000	1.007887e+05	1.297225e+01
	260	143	260.000000	53.500000	9.863760e+04	9.438826e+00
2020	9	15	4	6
	264	31	264.000000	-58.500000	9.443070e+04	1.849394e+01
	6	32	6.000000	-57.500000	9.481911e+04	1.843572e+01
	163	111	163.000000	21.500000	9.958562e+04	1.427236e+01
	326	130	326.000000	40.500000	1.005871e+05	1.338190e+01
2020	9	15	5	12
	264	29	264.000000	-60.500000	9.457198e+04	1.799169e+01
	10	31	10.000000	-58.500000	9.486828e+04	1.787155e+01
	186	109	186.000000	19.500000	1.002898e+05	1.138687e+01
	163	112	163.000000	22.500000	9.963812e+04	1.561164e+01
	16	126	16.000000	36.500000	1.012815e+05	7.694251e+00
2020	9	15	7	18
	263	28	263.000000	-61.500000	9.475033e+04	1.708775e+01
	12	30	12.000000	-59.500000	9.492889e+04	1.690684e+01
	117	30	117.000000	-59.500000	9.507255e+04	1.286172e+01
	186	110	186.000000	20.500000	1.000744e+05	1.247582e+01
	178	112	178.000000	22.500000	9.958489e+04	1.477745e+01
	163	113	163.000000	23.500000	9.965165e+04	1.719083e+01
	278	119	278.000000	29.500000	1.010774e+05	4.712903e+00
2020	9	16	7	0
	263	27	263.000000	-62.500000	9.507115e+04	1.552399e+01
	118	30	118.000000	-59.500000	9.513897e+04	1.420822e+01
	195	42	195.000000	-47.500000	9.918954e+04	1.531017e+01
	115	104	115.000000	14.500000	1.001818e+05	8.191051e+00
	185	110	185.000000	20.500000	9.997298e+04	1.184603e+01
	162	112	162.000000	22.500000	9.974941e+04	1.277500e+01
	178	112	178.000000	22.500000	9.952965e+04	1.494273e+01
2020	9	16	8	6
	231	28	231.000000	-61.500000	9.704820e+04	1.974621e+01
	120	30	120.000000	-59.500000	9.522688e+04	1.496554e+01
	194	43	194.000000	-46.500000	9.964805e+04	1.667551e+01
	114	104	114.000000	14.500000	1.000430e+05	9.787235e+00
	145	110	145.000000	20.500000	9.969321e+04	1.250652e+01
	179	110	179.000000	20.500000	9.941647e+04	1.631314e+01
	162	113	162.000000	23.500000	9.957234e+04	1.428654e+01
	325	132	325.000000	42.500000	1.009614e+05	1.050163e+01
2020	9	16	6	12
	235	29	235.000000	-60.500000	9.709822e+04	1.805263e+01
	122	30	122.000000	-59.500000	9.545637e+04	1.713563e+01
	146	31	146.000000	-58.500000	9.552834e+04	2.239614e+01
	194	46	194.000000	-43.500000	9.981315e+04	1.465188e+01
	179	109	179.000000	19.500000	9.938864e+04	1.770594e+01
	161	114	161.000000	24.500000	9.983326e+04	1.576249e+01
2020	9	16	7	18
	23	24	23.000000	-65.500000	9.405009e+04	1.987673e+01
	239	29	239.000000	-60.500000	9.726178e+04	1.412044e+01
	194	47	194.000000	-42.500000	9.987105e+04	1.409838e+01
	114	103	114.000000	13.500000	1.001688e+05	9.272126e+00
	181	108	181.000000	18.500000	9.909230e+04	1.833063e+01
	145	112	145.000000	22.500000	9.961330e+04	1.139655e+01
	160	114	160.000000	24.500000	9.956365e+04	1.640710e+01
2020	9	17	6	0
	150	22	150.000000	-67.500000	9.439187e+04	2.123435e+01
	21	23	21.000000	-66.500000	9.411917e+04	1.881252e+01
	194	49	194.000000	-40.500000	9.985552e+04	1.473270e+01
	114	103	114.000000	13.500000	1.002685e+05	9.139954e+00
	182	108	182.000000	18.500000	9.881095e+04	1.748064e+01
	160	114	160.000000	24.500000	9.972604e+04	1.378885e+01
2020	9	17	4	6
	148	22	148.000000	-67.500000	9.474844e+04	1.938073e+01
	182	109	182.000000	19.500000	9.848262e+04	1.815237e+01
	146	113	146.000000	23.500000	9.959971e+04	1.046662e+01
	159	114	159.000000	24.500000	9.954445e+04	1.390328e+01
2020	9	17	5	12
	147	22	147.000000	-67.500000	9.556003e+04	1.574737e+01
	15	23	15.000000	-66.500000	9.441138e+04	1.855283e+01
	209	45	209.000000	-44.500000	9.950078e+04	1.563539e+01
	182	109	182.000000	19.500000	9.860249e+04	1.810237e+01
	145	113	145.000000	23.500000	9.966620e+04	1.152948e+01
2020	9	17	5	18
	161	20	161.000000	-69.500000	9.663801e+04	1.425720e+01
	144	22	144.000000	-67.500000	9.625035e+04	1.452261e+01
	207	44	207.000000	-45.500000	9.937548e+04	1.640936e+01
	182	110	182.000000	20.500000	9.814180e+04	1.863133e+01
	158	115	158.000000	25.500000	9.949706e+04	1.445857e+01
2020	9	18	4	0
	142	23	142.000000	-66.500000	9.695884e+04	1.298421e+01
	203	44	203.000000	-45.500000	9.923931e+04	1.804081e+01
	182	111	182.000000	21.500000	9.811788e+04	1.738817e+01
	145	114	145.000000	24.500000	9.954598e+04	1.250695e+01
2020	9	18	7	6
	147	36	147.000000	-53.500000	9.902606e+04	1.649569e+01
	83	44	83.000000	-45.500000	9.800555e+04	2.031687e+01
	201	45	201.000000	-44.500000	9.922621e+04	1.874902e+01
	115	105	115.000000	15.500000	1.001408e+05	1.261989e+01
	181	111	181.000000	21.500000	9.805698e+04	1.731050e+01
	145	114	145.000000	24.500000	9.931716e+04	1.216304e+01
	226	162	226.000000	72.500000	9.986452e+04	7.729418e+00
2020	9	18	3	12
	151	34	151.000000	-55.500000	9.917409e+04	1.725394e+01
	199	46	199.000000	-43.500000	9.929384e+04	1.701210e+01
	180	111	180.000000	21.500000	9.805479e+04	1.857803e+01
2020	9	18	6	18
	162	21	162.000000	-68.500000	9.829822e+04	1.340299e+01
	200	48	200.000000	-41.500000	9.938809e+04	1.754105e+01
	222	49	222.000000	-40.500000	9.927773e+04	2.058024e+01
	116	106	116.000000	16.500000	1.002122e+05	1.153751e+01
	179	112	179.000000	22.500000	9.793361e+04	1.878536e+01
	146	113	146.000000	23.500000	9.937622e+04	8.183631e+00
2020	9	19	4	0
	42	23	42.000000	-66.500000	9.328474e+04	2.993966e+01
	222	46	222.000000	-43.500000	9.876273e+04	1.946932e+01
	116	106	116.000000	16.500000	1.002855e+05	1.158380e+01
	178	112	178.000000	22.500000	9.799531e+04	2.001203e+01
2020	9	19	4	6
	39	23	39.000000	-66.500000	9.376599e+04	2.505552e+01
	220	44	220.000000	-45.500000	9.834887e+04	1.755529e+01
	116	106	116.000000	16.500000	1.001089e+05	1.204832e+01
	177	113	177.000000	23.500000	9.797423e+04	1.913645e+01
2020	9	19	5	12
	249	21	249.000000	-68.500000	9.612677e+04	1.780031e+01
	37	22	37.000000	-67.500000	9.424243e+04	2.666042e+01
	218	42	218.000000	-47.500000	9.803945e+04	1.690183e+01
	117	106	117.000000	16.500000	1.001801e+05	1.145675e+01
	176	113	176.000000	23.500000	9.772903e+04	2.019679e+01
2020	9	19	6	18
	251	20	251.000000	-69.500000	9.593955e+04	1.200616e+01
	34	22	34.000000	-67.500000	9.501655e+04	1.889037e+01
	68	25	68.000000	-64.500000	9.493305e+04	2.774753e+01
	215	42	215.000000	-47.500000	9.808520e+04	1.588837e+01
	118	106	118.000000	16.500000	1.001647e+05	1.179926e+01
	175	113	175.000000	23.500000	9.749521e+04	2.017702e+01
2020	9	20	4	0
	251	20	251.000000	-69.500000	9.590084e+04	1.467882e+01
	31	21	31.000000	-68.500000	9.559423e+04	1.862687e+01
	213	42	213.000000	-47.500000	9.814456e+04	1.799262e+01
	175	113	175.000000	23.500000	9.754973e+04	1.854371e+01
2020	9	20	3	6
	29	21	29.000000	-68.500000	9.621817e+04	1.783481e+01
	174	113	174.000000	23.500000	9.747670e+04	1.824265e+01
	354	153	354.000000	63.500000	9.736870e+04	1.812417e+01
2020	9	20	6	12
	252	21	252.000000	-68.500000	9.605102e+04	1.286115e+01
	273	22	273.000000	-67.500000	9.575366e+04	1.148295e+01
	331	47	331.000000	-42.500000	9.911412e+04	1.643355e+01
	24	91	24.000000	1.500000	1.007546e+05	3.231768e+00
	173	114	173.000000	24.500000	9.753859e+04	1.893077e+01
	356	153	356.000000	63.500000	9.741352e+04	1.801282e+01
2020	9	20	3	18
	273	21	273.000000	-68.500000	9.553409e+04	1.510509e+01
	333	48	333.000000	-41.500000	9.951516e+04	1.317862e+01
	173	114	173.000000	24.500000	9.742277e+04	1.899306e+01
2020	9	21	3	0
	272	21	272.000000	-68.500000	9.551829e+04	1.487337e+01
	120	106	120.000000	16.500000	1.003260e+05	1.213716e+01
	172	115	172.000000	25.500000	9.699402e+04	2.045762e+01
2020	9	21	4	6
	161	6	161.000000	-83.500000	9.742722e+04	1.619746e+01
	271	22	271.000000	-67.500000	9.580088e+04	1.600660e+01
	75	23	75.000000	-66.500000	9.606224e+04	1.994781e+01
	172	116	172.000000	26.500000	9.760702e+04	2.139708e+01
2020	9	21	4	12
	19	91	19.000000	1.500000	1.007306e+05	2.651346e+00
	216	105	216.000000	15.500000	1.003359e+05	9.167885e+00
	244	106	244.000000	16.500000	1.005696e+05	9.423926e+00
	171	116	171.000000	26.500000	9.789366e+04	2.433229e+01
2020	9	21	4	18
	284	29	284.000000	-60.500000	9.573566e+04	2.027893e+01
	312	29	312.000000	-60.500000	9.574229e+04	9.940961e+00
	215	106	215.000000	16.500000	1.005641e+05	1.157393e+01
	169	117	169.000000	27.500000	9.737236e+04	2.003598e+01
2020	9	22	3	0
	316	28	316.000000	-61.500000	9.559507e+04	1.163787e+01
	288	29	288.000000	-60.500000	9.599083e+04	2.013390e+01
	168	117	168.000000	27.500000	9.725487e+04	1.992272e+01
2020	9	22	4	6
	5	17	5.000000	-72.500000	9.774949e+04	1.062895e+01
	293	29	293.000000	-60.500000	9.642633e+04	1.586706e+01
	155	111	155.000000	21.500000	9.935359e+04	1.276022e+01
	167	117	167.000000	27.500000	9.743835e+04	2.230183e+01
2020	9	22	4	12
	325	10	325.000000	-79.500000	9.784775e+04	1.056151e+01
	297	30	297.000000	-59.500000	9.675040e+04	1.729073e+01
	23	91	23.000000	1.500000	1.006385e+05	3.225372e+00
	165	117	165.000000	27.500000	9.735214e+04	2.155528e+01
2020	9	22	4	18
	325	9	325.000000	-80.500000	9.788931e+04	8.272536e+00
	266	19	266.000000	-70.500000	9.588274e+04	2.049038e+01
	44	32	44.000000	-57.500000	9.537053e+04	2.013314e+01
	164	117	164.000000	27.500000	9.762983e+04	2.196315e+01
2020	9	23	4	0
	103	29	103.000000	-60.500000	9.615347e+04	1.543924e+01
	48	33	48.000000	-56.500000	9.537170e+04	1.722438e+01
	143	33	143.000000	-56.500000	9.368211e+04	1.819053e+01
	162	118	162.000000	28.500000	9.767020e+04	2.094744e+01
2020	9	23	4	6
	104	30	104.000000	-59.500000	9.628429e+04	1.618436e+01
	51	33	51.000000	-56.500000	9.553012e+04	1.507403e+01
	143	33	143.000000	-56.500000	9.383097e+04	2.152756e+01
	161	118	161.000000	28.500000	9.759969e+04	2.178525e+01
2020	9	23	5	12
	106	31	106.000000	-58.500000	9.665274e+04	1.754272e+01
	145	33	145.000000	-56.500000	9.400070e+04	2.158303e+01
	54	34	54.000000	-55.500000	9.581756e+04	1.459060e+01
	228	109	228.000000	19.500000	1.005551e+05	1.193328e+01
	160	119	160.000000	29.500000	9.798234e+04	1.896865e+01
2020	9	23	6	18
	7	26	7.000000	-63.500000	9.525722e+04	1.579496e+01
	112	31	112.000000	-58.500000	9.692588e+04	1.253124e+01
	148	33	148.000000	-56.500000	9.419171e+04	1.581221e+01
	213	105	213.000000	15.500000	1.006765e+05	1.180234e+01
	229	110	229.000000	20.500000	1.006946e+05	9.750856e+00
	159	119	159.000000	29.500000	9.793307e+04	1.983500e+01
2020	9	24	4	0
	12	26	12.000000	-63.500000	9.530268e+04	1.516447e+01
	149	32	149.000000	-57.500000	9.440095e+04	1.707573e+01
	214	106	214.000000	16.500000	1.004931e+05	1.117945e+01
	158	119	158.000000	29.500000	9.825916e+04	1.816597e+01
2020	9	24	5	6
	16	26	16.000000	-63.500000	9.532455e+04	1.521615e+01
	151	31	151.000000	-58.500000	9.465884e+04	1.601398e+01
	214	106	214.000000	16.500000	1.006237e+05	1.112012e+01
	247	108	247.000000	18.500000	1.006629e+05	6.627956e+00
	158	120	158.000000	30.500000	9.813079e+04	1.727907e+01
2020	9	24	3	12
	152	30	152.000000	-59.500000	9.489814e+04	1.513036e+01
	214	106	214.000000	16.500000	1.004016e+05	1.038868e+01
	158	120	158.000000	30.500000	9.833681e+04	1.639638e+01
2020	9	24	2	18
	153	29	153.000000	-60.500000	9.504194e+04	1.509564e+01
	158	120	158.000000	30.500000	9.830838e+04	1.673840e+01
2020	9	25	3	0
	216	107	216.000000	17.500000	1.003618e+05	1.252652e+01
	233	110	233.000000	20.500000	1.000617e+05	1.281847e+01
	158	120	158.000000	30.500000	9.853183e+04	1.632303e+01
2020	9	25	3	6
	152	35	152.000000	-54.500000	9.570588e+04	1.526972e+01
	216	108	216.000000	18.500000	1.004880e+05	1.309867e+01
	158	120	158.000000	30.500000	9.858572e+04	1.620376e+01
2020	9	25	1	12
	158	120	158.000000	30.500000	9.902633e+04	1.524924e+01
2020	9	25	2	18
	236	110	236.000000	20.500000	1.001787e+05	1.201074e+01
	159	119	159.000000	29.500000	9.914769e+04	1.399954e+01
2020	9	26	3	0
	160	33	160.000000	-56.500000	9.622420e+04	1.249739e+01
	145	108	145.000000	18.500000	1.005787e+05	1.100179e+01
	159	119	159.000000	29.500000	9.926746e+04	1.426185e+01
2020	9	26	3	6
	102	31	102.000000	-58.500000	9.356637e+04	2.015761e+01
	236	109	236.000000	19.500000	1.000967e+05	1.297913e+01
	158	119	158.000000	29.500000	9.930735e+04	1.371563e+01
2020	9	26	3	12
	103	29	103.000000	-60.500000	9.376802e+04	1.714660e+01
	219	108	219.000000	18.500000	1.003376e+05	1.374984e+01
	158	119	158.000000	29.500000	9.947248e+04	1.362427e+01
2020	9	26	3	18
	268	30	268.000000	-59.500000	9.611221e+04	2.030658e+01
	238	109	238.000000	19.500000	1.001839e+05	1.136252e+01
	158	119	158.000000	29.500000	9.948272e+04	1.333343e+01
2020	9	27	4	0
	32	25	32.000000	-64.500000	9.589352e+04	1.618531e+01
	272	28	272.000000	-61.500000	9.589110e+04	2.145355e+01
	238	109	238.000000	19.500000	9.991784e+04	1.137400e+01
	157	118	157.000000	28.500000	9.964866e+04	1.373017e+01
2020	9	27	2	6
	238	108	238.000000	18.500000	1.001427e+05	1.192657e+01
	157	118	157.000000	28.500000	9.958347e+04	1.306550e+01
2020	9	27	5	12
	28	51	28.000000	-38.500000	1.009900e+05	9.796887e+00
	202	106	202.000000	16.500000	1.004401e+05	1.080112e+01
	240	108	240.000000	18.500000	9.991703e+04	1.305931e+01
	157	118	157.000000	28.500000	9.979238e+04	1.331420e+01
	131	140	131.000000	50.500000	9.921891e+04	8.436040e+00
2020	9	27	4	18
	24	23	24.000000	-66.500000	9.682130e+04	1.033460e+01
	272	42	272.000000	-47.500000	9.788755e+04	1.927002e+01
	202	105	202.000000	15.500000	1.005579e+05	1.102404e+01
	156	118	156.000000	28.500000	9.969209e+04	1.297378e+01
2020	9	28	7	0
	212	17	212.000000	-72.500000	9.552887e+04	1.476449e+01
	120	37	120.000000	-52.500000	9.650042e+04	2.199971e+01
	275	40	275.000000	-49.500000	9.787704e+04	1.795999e+01
	202	106	202.000000	16.500000	1.003027e+05	1.186200e+01
	222	107	222.000000	17.500000	1.003813e+05	1.280667e+01
	156	118	156.000000	28.500000	9.988640e+04	1.334943e+01
	215	147	215.000000	57.500000	9.728876e+04	1.495534e+01
2020	9	28	9	6
	220	17	220.000000	-72.500000	9.544840e+04	1.600166e+01
	123	36	123.000000	-53.500000	9.651836e+04	2.212752e+01
	277	38	277.000000	-51.500000	9.798602e+04	1.414626e+01
	203	105	203.000000	15.500000	1.003710e+05	1.179673e+01
	223	107	223.000000	17.500000	1.005762e+05	1.317480e+01
	243	109	243.000000	19.500000	1.002434e+05	1.373963e+01
	155	118	155.000000	28.500000	9.982730e+04	1.285349e+01
	217	148	217.000000	58.500000	9.749439e+04	9.699323e+00
	243	155	243.000000	65.500000	9.787955e+04	1.250395e+01
2020	9	28	5	12
	272	22	272.000000	-67.500000	9.477684e+04	2.105751e+01
	203	105	203.000000	15.500000	1.001612e+05	1.418120e+01
	224	107	224.000000	17.500000	1.003115e+05	1.349040e+01
	155	118	155.000000	28.500000	9.994285e+04	1.399048e+01
	217	149	217.000000	59.500000	9.766429e+04	1.363872e+01
2020	9	28	5	18
	274	22	274.000000	-67.500000	9.476089e+04	2.076378e+01
	204	105	204.000000	15.500000	1.001942e+05	1.331927e+01
	172	107	172.000000	17.500000	1.003934e+05	8.950474e+00
	225	107	225.000000	17.500000	1.005638e+05	1.319528e+01
	154	118	154.000000	28.500000	9.985655e+04	1.288766e+01
2020	9	29	7	0
	293	9	293.000000	-80.500000	9.512216e+04	1.459576e+01
	277	22	277.000000	-67.500000	9.507948e+04	1.982423e+01
	205	106	205.000000	16.500000	9.995240e+04	1.531818e+01
	225	107	225.000000	17.500000	1.002044e+05	1.335591e+01
	245	110	245.000000	20.500000	1.000240e+05	1.180028e+01
	153	118	153.000000	28.500000	1.000831e+05	1.271675e+01
	240	159	240.000000	69.500000	9.729769e+04	1.434799e+01
2020	9	29	10	6
	293	8	293.000000	-81.500000	9.570693e+04	1.463148e+01
	281	21	281.000000	-68.500000	9.536395e+04	1.617789e+01
	113	25	113.000000	-64.500000	9.714562e+04	2.166213e+01
	37	28	37.000000	-61.500000	9.372911e+04	1.761523e+01
	112	37	112.000000	-52.500000	9.511322e+04	2.021571e+01
	205	106	205.000000	16.500000	9.993554e+04	1.524509e+01
	225	107	225.000000	17.500000	1.004442e+05	1.448784e+01
	152	118	152.000000	28.500000	1.000018e+05	1.089750e+01
	305	120	305.000000	30.500000	1.011979e+05	9.297992e+00
	242	159	242.000000	69.500000	9.729353e+04	1.290684e+01
2020	9	29	4	12
	111	25	111.000000	-64.500000	9.730465e+04	1.707814e+01
	112	36	112.000000	-53.500000	9.498347e+04	1.898773e+01
	206	106	206.000000	16.500000	9.974520e+04	1.684304e+01
	244	160	244.000000	70.500000	9.766959e+04	1.319592e+01
2020	9	29	8	18
	108	25	108.000000	-64.500000	9.749398e+04	1.434934e+01
	41	26	41.000000	-63.500000	9.373055e+04	1.940454e+01
	112	36	112.000000	-53.500000	9.499823e+04	1.810050e+01
	161	104	161.000000	14.500000	1.003706e+05	8.262374e+00
	207	106	207.000000	16.500000	9.955442e+04	1.753815e+01
	225	107	225.000000	17.500000	1.004753e+05	1.302491e+01
	211	142	211.000000	52.500000	9.765756e+04	1.870688e+01
	247	160	247.000000	70.500000	9.790192e+04	1.403005e+01
2020	9	30	8	0
	41	25	41.000000	-64.500000	9.397184e+04	1.857789e+01
	105	25	105.000000	-64.500000	9.760739e+04	1.439113e+01
	113	37	113.000000	-52.500000	9.530055e+04	1.595199e+01
	207	107	207.000000	17.500000	9.958212e+04	1.678107e+01
	225	107	225.000000	17.500000	1.002791e+05	1.207252e+01
	272	118	272.000000	28.500000	1.001116e+05	1.542228e+01
	344	149	344.000000	59.500000	9.877615e+04	1.495671e+01
	250	161	250.000000	71.500000	9.814395e+04	1.200785e+01
2020	9	30	8	6
	42	25	42.000000	-64.500000	9.445648e+04	1.849199e+01
	102	25	102.000000	-64.500000	9.757369e+04	1.581102e+01
	115	38	115.000000	-51.500000	9.549379e+04	1.855364e+01
	209	107	209.000000	17.500000	9.962525e+04	1.771756e+01
	226	108	226.000000	18.500000	1.005297e+05	1.233884e+01
	274	119	274.000000	29.500000	1.000020e+05	1.772236e+01
	344	151	344.000000	61.500000	9.886159e+04	1.665014e+01
	253	162	253.000000	72.500000	9.829456e+04	1.063310e+01
2020	9	30	8	12
	41	24	41.000000	-65.500000	9.490147e+04	2.155384e+01
	214	26	214.000000	-63.500000	9.706672e+04	1.204324e+01
	172	107	172.000000	17.500000	1.003884e+05	1.149212e+01
	209	107	209.000000	17.500000	9.960166e+04	1.809311e+01
	248	111	248.000000	21.500000	1.002423e+05	7.828665e+00
	275	119	275.000000	29.500000	9.984187e+04	1.640710e+01
	215	144	215.000000	54.500000	9.704502e+04	2.209614e+01
	255	163	255.000000	73.500000	9.855169e+04	8.743068e+00
2020	9	30	7	18
	217	26	217.000000	-63.500000	9.714816e+04	1.216501e+01
	137	107	137.000000	17.500000	1.005471e+05	7.602817e+00
	210	108	210.000000	18.500000	9.989319e+04	1.712662e+01
	226	108	226.000000	18.500000	1.006089e+05	1.220133e+01
	277	120	277.000000	30.500000	9.982570e+04	1.519021e+01
	219	143	219.000000	53.500000	9.745970e+04	2.236716e+01
	257	163	257.000000	73.500000	9.875059e+04	8.565026e+00
2020	10	1	7	0
	34	22	34.000000	-67.500000	9.541663e+04	2.126387e+01
	337	22	337.000000	-67.500000	9.427333e+04	1.882894e+01
	212	108	212.000000	18.500000	9.952384e+04	1.785832e+01
	227	108	227.000000	18.500000	1.003606e+05	1.195912e+01
	222	146	222.000000	56.500000	9.809103e+04	1.868587e+01
	166	151	166.000000	61.500000	9.855678e+04	1.168056e+01
	259	163	259.000000	73.500000	9.903591e+04	7.966315e+00
2020	10	1	4	6
	31	22	31.000000	-67.500000	9.567213e+04	1.387886e+01
	342	22	342.000000	-67.500000	9.445377e+04	2.036284e+01
	213	108	213.000000	18.500000	9.986014e+04	1.764140e+01
	261	162	261.000000	72.500000	9.916744e+04	8.395673e+00
2020	10	1	8	12
	346	22	346.000000	-67.500000	9.487127e+04	2.161151e+01
	19	93	19.000000	3.500000	1.007198e+05	3.237972e+00
	214	108	214.000000	18.500000	9.978520e+04	1.781448e+01
	227	108	227.000000	18.500000	1.003185e+05	1.072555e+01
	282	122	282.000000	32.500000	9.947694e+04	1.811884e+01
	222	148	222.000000	58.500000	9.894184e+04	1.305253e+01
	263	162	263.000000	72.500000	9.923819e+04	9.261480e+00
	296	165	296.000000	75.500000	9.930591e+04	1.614196e+01
2020	10	1	4	18
	350	23	350.000000	-66.500000	9.506709e+04	2.122949e+01
	215	108	215.000000	18.500000	9.988614e+04	1.666153e+01
	286	125	286.000000	35.500000	9.924573e+04	1.823987e+01
	266	161	266.000000	71.500000	9.928020e+04	8.366533e+00
2020	10	2	5	0
	354	24	354.000000	-65.500000	9.546745e+04	2.013954e+01
	120	100	120.000000	10.500000	1.008432e+05	8.133245e+00
	191	105	191.000000	15.500000	1.004636e+05	1.169769e+01
	216	108	216.000000	18.500000	9.967328e+04	1.720119e+01
	289	127	289.000000	37.500000	9.892829e+04	1.817331e+01
2020	10	2	5	6
	175	5	175.000000	-84.500000	9.804448e+04	1.053294e+01
	168	26	168.000000	-63.500000	9.321029e+04	1.918758e+01
	304	58	304.000000	-31.500000	9.959464e+04	9.551249e+00
	190	105	190.000000	15.500000	1.004849e+05	1.153085e+01
	216	108	216.000000	18.500000	9.994111e+04	1.714428e+01
2020	10	2	5	12
	170	25	170.000000	-64.500000	9.364378e+04	1.868328e+01
	307	55	307.000000	-34.500000	1.001386e+05	1.829434e+01
	191	105	191.000000	15.500000	1.004987e+05	1.154652e+01
	216	108	216.000000	18.500000	9.980245e+04	1.567846e+01
	243	111	243.000000	21.500000	1.002687e+05	8.264223e+00
2020	10	2	6	18
	172	23	172.000000	-66.500000	9.421759e+04	1.789222e+01
	115	33	115.000000	-56.500000	9.456291e+04	1.038263e+01
	190	104	190.000000	14.500000	1.004924e+05	1.012360e+01
	217	108	217.000000	18.500000	9.995871e+04	1.575141e+01
	243	111	243.000000	21.500000	1.003931e+05	9.926078e+00
	210	145	210.000000	55.500000	9.725454e+04	1.541096e+01
2020	10	3	2	0
	172	22	172.000000	-67.500000	9.474736e+04	2.224826e+01
	191	106	191.000000	16.500000	1.003143e+05	1.136239e+01
2020	10	3	2	6
	190	106	190.000000	16.500000	1.002509e+05	1.118331e+01
	242	111	242.000000	21.500000	1.003810e+05	9.135991e+00
2020	10	3	2	12
	189	107	189.000000	17.500000	1.002566e+05	1.138981e+01
	241	111	241.000000	21.500000	1.001408e+05	9.369868e+00
2020	10	3	4	18
	336	21	336.000000	-68.500000	9.423825e+04	2.034350e+01
	153	31	153.000000	-58.500000	9.497873e+04	1.822429e+01
	189	107	189.000000	17.500000	1.001080e+05	1.311627e+01
	312	145	312.000000	55.500000	9.332017e+04	2.509874e+01
